1150 region z: 300 812
1150 0 148 
1150 1005 148
1150 2010 148
1150 3015 148
1150 4020 148
1150 5025 148

1149 region z: 300 812 flat from 1150
1149 0 149
1149 1005 149
1149 2010 149
1149 3015 149
1149 4020 149
1149 5025 149

1127 region z: 512 2048
1127 0 144
1127 1005 147
1127 2010 145
1127 3015 146
1127 4020 146
1127 5025 146

1128 region z: 512 2048
1128 0 145
1128 1005 146
1128 2010 145
1128 3015 146
1128 4020 145
1128 5025 146

1156 region z: 370 370+512
1156 0 151
1156 1005 151
1156 2010 151
1156 3015 151
1156 4020 151
1156 5025 151


1157 region z: 370 370+512
1157 0 151
1157 1005 151
1157 2010 151
1157 3015 151
1157 4020 151
1157 5025 151



1136 region z:  512 2048
1136 0 152
1136 1005 152
1136 2010 152
1136 3015 152
1136 4020 152
1136 5025 152


1137 region z:  512 2048
1137 0 150
1137 1005 150
1137 2010 150
1137 3015 150
1137 4020 150
1137 5025 150
